 3	  4	  5
  6	  8	 10	 [3 - 4 - 5]
  5	 12	 13
  9	 12	 15	 [3 - 4 - 5]
  8	 15	 17
 12	 16	 20	 [3 - 4 - 5]
  7	 24	 25
 15	 20	 25	 [3 - 4 - 5]
 10	 24	 26	 [5 - 12 - 13]
 20	 21	 29
 18	 24	 30	 [3 - 4 - 5]
 16	 30	 34	 [8 - 15 - 17]
 21	 28	 35	 [3 - 4 - 5]
 12	 35	 37
 15	 36	 39	 [5 - 12 - 13]
 24	 32	 40	 [3 - 4 - 5]
  9	 40	 41
 27	 36	 45	 [3 - 4 - 5]
 14	 48	 50	 [7 - 24 - 25]
 30	 40	 50	 [3 - 4 - 5]
 24	 45	 51	 [8 - 15 - 17]
 20	 48	 52	 [5 - 12 - 13]
 28	 45	 53
 33	 44	 55	 [3 - 4 - 5]
 40	 42	 58	 [20 - 21 - 29]
 36	 48	 60	 [3 - 4 - 5]
 11	 60	 61
 16	 63	 65
 25	 60	 65	 [5 - 12 - 13]
 33	 56	 65
 39	 52	 65	 [3 - 4 - 5]
 32	 60	 68	 [8 - 15 - 17]
 42	 56	 70	 [3 - 4 - 5]
 48	 55	 73
 24	 70	 74	 [12 - 35 - 37]
 21	 72	 75	 [7 - 24 - 25]
 45	 60	 75	 [3 - 4 - 5]
 30	 72	 78	 [5 - 12 - 13]
 48	 64	 80	 [3 - 4 - 5]
 18	 80	 82	 [9 - 40 - 41]
 13	 84	 85
 36	 77	 85
 40	 75	 85	 [8 - 15 - 17]
 51	 68	 85	 [3 - 4 - 5]
 60	 63	 87	 [20 - 21 - 29]
 39	 80	 89
 54	 72	 90	 [3 - 4 - 5]
 35	 84	 91	 [5 - 12 - 13]
 57	 76	 95	 [3 - 4 - 5]
 65	 72	 97

 28	 96	100	 [7 - 24 - 25]
 60	 80	100	 [3 - 4 - 5]
 20	 99	101
 48	 90	102	 [8 - 15 - 17]
 40	 96	104	 [5 - 12 - 13]
 63	 84	105	 [3 - 4 - 5]
 56	 90	106	 [28 - 45 - 53]
 60	 91	109
 66	 88	110	 [3 - 4 - 5]
 36	105	111	 [12 - 35 - 37]
 15	112	113
 69	 92	115	 [3 - 4 - 5]
 80	 84	116	 [20 - 21 - 29]
 45	108	117	 [5 - 12 - 13]
 56	105	119	 [8 - 15 - 17]
 72	 96	120	 [3 - 4 - 5]
 22	120	122	 [11 - 60 - 61]
 27	120	123	 [9 - 40 - 41]
 35	120	125	 [7 - 24 - 25]
 44	117	125
 75	100	125	 [3 - 4 - 5]
 32	126	130	 [16 - 63 - 65]
 50	120	130	 [5 - 12 - 13]
 66	112	130	 [33 - 56 - 65]
 78	104	130	 [3 - 4 - 5]
 81	108	135	 [3 - 4 - 5]
 64	120	136	 [8 - 15 - 17]
 88	105	137
 84	112	140	 [3 - 4 - 5]
 55	132	143	 [5 - 12 - 13]
 17	144	145
 24	143	145
 87	116	145	 [3 - 4 - 5]
100	105	145	 [20 - 21 - 29]
 96	110	146	 [48 - 55 - 73]
 48	140	148	 [12 - 35 - 37]
 51	140	149
 42	144	150	 [7 - 24 - 25]
 90	120	150	 [3 - 4 - 5]
 72	135	153	 [8 - 15 - 17]
 93	124	155	 [3 - 4 - 5]
 60	144	156	 [5 - 12 - 13]
 85	132	157
 84	135	159	 [28 - 45 - 53]
 96	128	160	 [3 - 4 - 5]
 36	160	164	 [9 - 40 - 41]
 99	132	165	 [3 - 4 - 5]
 65	156	169	 [5 - 12 - 13]
119	120	169
 26	168	170	 [13 - 84 - 85]
 72	154	170	 [36 - 77 - 85]
 80	150	170	 [8 - 15 - 17]
102	136	170	 [3 - 4 - 5]
 52	165	173
120	126	174	 [20 - 21 - 29]
 49	168	175	 [7 - 24 - 25]
105	140	175	 [3 - 4 - 5]
 78	160	178	 [39 - 80 - 89]
108	144	180	 [3 - 4 - 5]
 19	180	181
 70	168	182	 [5 - 12 - 13]
 33	180	183	 [11 - 60 - 61]
 57	176	185
 60	175	185	 [12 - 35 - 37]
104	153	185
111	148	185	 [3 - 4 - 5]
 88	165	187	 [8 - 15 - 17]
114	152	190	 [3 - 4 - 5]
 95	168	193
130	144	194	 [65 - 72 - 97]
 48	189	195	 [16 - 63 - 65]
 75	180	195	 [5 - 12 - 13]
 99	168	195	 [33 - 56 - 65]
117	156	195	 [3 - 4 - 5]
 28	195	197

 56	192	200	 [7 - 24 - 25]
120	160	200	 [3 - 4 - 5]
 40	198	202	 [20 - 99 - 101]
140	147	203	 [20 - 21 - 29]
 96	180	204	 [8 - 15 - 17]
 45	200	205	 [9 - 40 - 41]
 84	187	205
123	164	205	 [3 - 4 - 5]
133	156	205
 80	192	208	 [5 - 12 - 13]
126	168	210	 [3 - 4 - 5]
112	180	212	 [28 - 45 - 53]
129	172	215	 [3 - 4 - 5]
120	182	218	 [60 - 91 - 109]
144	165	219	 [48 - 55 - 73]
132	176	220	 [3 - 4 - 5]
 21	220	221
 85	204	221	 [5 - 12 - 13]
104	195	221	 [8 - 15 - 17]
140	171	221
 72	210	222	 [12 - 35 - 37]
 63	216	225	 [7 - 24 - 25]
135	180	225	 [3 - 4 - 5]
 30	224	226	 [15 - 112 - 113]
 60	221	229
138	184	230	 [3 - 4 - 5]
160	168	232	 [20 - 21 - 29]
105	208	233
 90	216	234	 [5 - 12 - 13]
141	188	235	 [3 - 4 - 5]
112	210	238	 [8 - 15 - 17]
144	192	240	 [3 - 4 - 5]
120	209	241
 44	240	244	 [11 - 60 - 61]
147	196	245	 [3 - 4 - 5]
 54	240	246	 [9 - 40 - 41]
 95	228	247	 [5 - 12 - 13]
 70	240	250	 [7 - 24 - 25]
 88	234	250	 [44 - 117 - 125]
150	200	250	 [3 - 4 - 5]
 39	252	255	 [13 - 84 - 85]
108	231	255	 [36 - 77 - 85]
120	225	255	 [8 - 15 - 17]
153	204	255	 [3 - 4 - 5]
 32	255	257
 84	245	259	 [12 - 35 - 37]
 64	252	260	 [16 - 63 - 65]
100	240	260	 [5 - 12 - 13]
132	224	260	 [33 - 56 - 65]
156	208	260	 [3 - 4 - 5]
180	189	261	 [20 - 21 - 29]
 23	264	265
 96	247	265
140	225	265	 [28 - 45 - 53]
159	212	265	 [3 - 4 - 5]
117	240	267	 [39 - 80 - 89]
 69	260	269
162	216	270	 [3 - 4 - 5]
128	240	272	 [8 - 15 - 17]
105	252	273	 [5 - 12 - 13]
176	210	274	 [88 - 105 - 137]
 77	264	275	 [7 - 24 - 25]
165	220	275	 [3 - 4 - 5]
115	252	277
168	224	280	 [3 - 4 - 5]
160	231	281
171	228	285	 [3 - 4 - 5]
110	264	286	 [5 - 12 - 13]
 63	280	287	 [9 - 40 - 41]
136	255	289	 [8 - 15 - 17]
161	240	289
 34	288	290	 [17 - 144 - 145]
 48	286	290	 [24 - 143 - 145]
174	232	290	 [3 - 4 - 5]
200	210	290	 [20 - 21 - 29]
195	216	291	 [65 - 72 - 97]
192	220	292	 [48 - 55 - 73]
 68	285	293
177	236	295	 [3 - 4 - 5]
 96	280	296	 [12 - 35 - 37]
102	280	298	 [51 - 140 - 149]
115	276	299	 [5 - 12 - 13]

 84	288	300	 [7 - 24 - 25]
180	240	300	 [3 - 4 - 5]
 60	297	303	 [20 - 99 - 101]
 55	300	305	 [11 - 60 - 61]
136	273	305
183	244	305	 [3 - 4 - 5]
207	224	305
144	270	306	 [8 - 15 - 17]
186	248	310	 [3 - 4 - 5]
120	288	312	 [5 - 12 - 13]
 25	312	313
170	264	314	 [85 - 132 - 157]
189	252	315	 [3 - 4 - 5]
 75	308	317
168	270	318	 [28 - 45 - 53]
220	231	319	 [20 - 21 - 29]
192	256	320	 [3 - 4 - 5]
152	285	323	 [8 - 15 - 17]
 36	323	325
 80	315	325	 [16 - 63 - 65]
 91	312	325	 [7 - 24 - 25]
125	300	325	 [5 - 12 - 13]
165	280	325	 [33 - 56 - 65]
195	260	325	 [3 - 4 - 5]
204	253	325
180	273	327	 [60 - 91 - 109]
 72	320	328	 [9 - 40 - 41]
198	264	330	 [3 - 4 - 5]
108	315	333	 [12 - 35 - 37]
201	268	335	 [3 - 4 - 5]
175	288	337
130	312	338	 [5 - 12 - 13]
238	240	338	 [119 - 120 - 169]
 45	336	339	 [15 - 112 - 113]
 52	336	340	 [13 - 84 - 85]
144	308	340	 [36 - 77 - 85]
160	300	340	 [8 - 15 - 17]
204	272	340	 [3 - 4 - 5]
207	276	345	 [3 - 4 - 5]
104	330	346	 [52 - 165 - 173]
240	252	348	 [20 - 21 - 29]
180	299	349
 98	336	350	 [7 - 24 - 25]
210	280	350	 [3 - 4 - 5]
135	324	351	 [5 - 12 - 13]
225	272	353
213	284	355	 [3 - 4 - 5]
156	320	356	 [39 - 80 - 89]
168	315	357	 [8 - 15 - 17]
216	288	360	 [3 - 4 - 5]
 38	360	362	 [19 - 180 - 181]
140	336	364	 [5 - 12 - 13]
 27	364	365
 76	357	365
219	292	365	 [3 - 4 - 5]
240	275	365	 [48 - 55 - 73]
 66	360	366	 [11 - 60 - 61]
 81	360	369	 [9 - 40 - 41]
114	352	370	 [57 - 176 - 185]
120	350	370	 [12 - 35 - 37]
208	306	370	 [104 - 153 - 185]
222	296	370	 [3 - 4 - 5]
196	315	371	 [28 - 45 - 53]
252	275	373
176	330	374	 [8 - 15 - 17]
105	360	375	 [7 - 24 - 25]
132	351	375	 [44 - 117 - 125]
225	300	375	 [3 - 4 - 5]
135	352	377
145	348	377	 [5 - 12 - 13]
152	345	377
260	273	377	 [20 - 21 - 29]
228	304	380	 [3 - 4 - 5]
231	308	385	 [3 - 4 - 5]
190	336	386	 [95 - 168 - 193]
260	288	388	 [65 - 72 - 97]
189	340	389
 96	378	390	 [16 - 63 - 65]
150	360	390	 [5 - 12 - 13]
198	336	390	 [33 - 56 - 65]
234	312	390	 [3 - 4 - 5]
184	345	391	 [8 - 15 - 17]
 56	390	394	 [28 - 195 - 197]
237	316	395	 [3 - 4 - 5]
228	325	397

112	384	400	 [7 - 24 - 25]
240	320	400	 [3 - 4 - 5]
 40	399	401
155	372	403	 [5 - 12 - 13]
 80	396	404	 [20 - 99 - 101]
243	324	405	 [3 - 4 - 5]
280	294	406	 [20 - 21 - 29]
132	385	407	 [12 - 35 - 37]
192	360	408	 [8 - 15 - 17]
120	391	409
 90	400	410	 [9 - 40 - 41]
168	374	410	 [84 - 187 - 205]
246	328	410	 [3 - 4 - 5]
266	312	410	 [133 - 156 - 205]
264	315	411	 [88 - 105 - 137]
249	332	415	 [3 - 4 - 5]
160	384	416	 [5 - 12 - 13]
252	336	420	 [3 - 4 - 5]
 29	420	421
224	360	424	 [28 - 45 - 53]
 65	420	425	 [13 - 84 - 85]
 87	416	425
119	408	425	 [7 - 24 - 25]
180	385	425	 [36 - 77 - 85]
200	375	425	 [8 - 15 - 17]
255	340	425	 [3 - 4 - 5]
297	304	425
 77	420	427	 [11 - 60 - 61]
165	396	429	 [5 - 12 - 13]
258	344	430	 [3 - 4 - 5]
145	408	433
 51	432	435	 [17 - 144 - 145]
 72	429	435	 [24 - 143 - 145]
261	348	435	 [3 - 4 - 5]
300	315	435	 [20 - 21 - 29]
240	364	436	 [60 - 91 - 109]
288	330	438	 [48 - 55 - 73]
264	352	440	 [3 - 4 - 5]
 42	440	442	 [21 - 220 - 221]
170	408	442	 [5 - 12 - 13]
208	390	442	 [8 - 15 - 17]
280	342	442	 [140 - 171 - 221]
144	420	444	 [12 - 35 - 37]
 84	437	445
195	400	445	 [39 - 80 - 89]
203	396	445
267	356	445	 [3 - 4 - 5]
153	420	447	 [51 - 140 - 149]
280	351	449
126	432	450	 [7 - 24 - 25]
270	360	450	 [3 - 4 - 5]
 99	440	451	 [9 - 40 - 41]
 60	448	452	 [15 - 112 - 113]
112	441	455	 [16 - 63 - 65]
175	420	455	 [5 - 12 - 13]
231	392	455	 [33 - 56 - 65]
273	364	455	 [3 - 4 - 5]
168	425	457
120	442	458	 [60 - 221 - 229]
216	405	459	 [8 - 15 - 17]
276	368	460	 [3 - 4 - 5]
261	380	461
320	336	464	 [20 - 21 - 29]
279	372	465	 [3 - 4 - 5]
210	416	466	 [105 - 208 - 233]
180	432	468	 [5 - 12 - 13]
282	376	470	 [3 - 4 - 5]
255	396	471	 [85 - 132 - 157]
133	456	475	 [7 - 24 - 25]
285	380	475	 [3 - 4 - 5]
224	420	476	 [8 - 15 - 17]
252	405	477	 [28 - 45 - 53]
288	384	480	 [3 - 4 - 5]
 31	480	481
156	455	481	 [12 - 35 - 37]
185	444	481	 [5 - 12 - 13]
319	360	481
240	418	482	 [120 - 209 - 241]
 44	483	485
 93	476	485
291	388	485	 [3 - 4 - 5]
325	360	485	 [65 - 72 - 97]
 88	480	488	 [11 - 60 - 61]
294	392	490	 [3 - 4 - 5]
108	480	492	 [9 - 40 - 41]
132	475	493
155	468	493
232	435	493	 [8 - 15 - 17]
340	357	493	 [20 - 21 - 29]
190	456	494	 [5 - 12 - 13]
297	396	495	 [3 - 4 - 5]

140	480	500	 [7 - 24 - 25]
176	468	500	 [44 - 117 - 125]
300	400	500	 [3 - 4 - 5]
100	495	505	 [20 - 99 - 101]
217	456	505
303	404	505	 [3 - 4 - 5]
336	377	505
195	468	507	 [5 - 12 - 13]
357	360	507	 [119 - 120 - 169]
220	459	509
 78	504	510	 [13 - 84 - 85]
216	462	510	 [36 - 77 - 85]
240	450	510	 [8 - 15 - 17]
306	408	510	 [3 - 4 - 5]
336	385	511	 [48 - 55 - 73]
 64	510	514	 [32 - 255 - 257]
309	412	515	 [3 - 4 - 5]
168	490	518	 [12 - 35 - 37]
156	495	519	 [52 - 165 - 173]
128	504	520	 [16 - 63 - 65]
200	480	520	 [5 - 12 - 13]
264	448	520	 [33 - 56 - 65]
312	416	520	 [3 - 4 - 5]
279	440	521
360	378	522	 [20 - 21 - 29]
147	504	525	 [7 - 24 - 25]
315	420	525	 [3 - 4 - 5]
248	465	527	 [8 - 15 - 17]
 46	528	530	 [23 - 264 - 265]
192	494	530	 [96 - 247 - 265]
280	450	530	 [28 - 45 - 53]
318	424	530	 [3 - 4 - 5]
 92	525	533
117	520	533	 [9 - 40 - 41]
205	492	533	 [5 - 12 - 13]
308	435	533
234	480	534	 [39 - 80 - 89]
321	428	535	 [3 - 4 - 5]
138	520	538	 [69 - 260 - 269]
324	432	540	 [3 - 4 - 5]
341	420	541
 57	540	543	 [19 - 180 - 181]
256	480	544	 [8 - 15 - 17]
 33	544	545
184	513	545
300	455	545	 [60 - 91 - 109]
327	436	545	 [3 - 4 - 5]
210	504	546	 [5 - 12 - 13]
352	420	548	 [88 - 105 - 137]
 99	540	549	 [11 - 60 - 61]
154	528	550	 [7 - 24 - 25]
330	440	550	 [3 - 4 - 5]
380	399	551	 [20 - 21 - 29]
230	504	554	 [115 - 252 - 277]
171	528	555	 [57 - 176 - 185]
180	525	555	 [12 - 35 - 37]
312	459	555	 [104 - 153 - 185]
333	444	555	 [3 - 4 - 5]
165	532	557
215	516	559	 [5 - 12 - 13]
336	448	560	 [3 - 4 - 5]
264	495	561	 [8 - 15 - 17]
320	462	562	 [160 - 231 - 281]
 75	560	565	 [15 - 112 - 113]
276	493	565
339	452	565	 [3 - 4 - 5]
396	403	565
231	520	569
342	456	570	 [3 - 4 - 5]
220	528	572	 [5 - 12 - 13]
126	560	574	 [9 - 40 - 41]
161	552	575	 [7 - 24 - 25]
345	460	575	 [3 - 4 - 5]
 48	575	577
272	510	578	 [8 - 15 - 17]
322	480	578	 [161 - 240 - 289]
285	504	579	 [95 - 168 - 193]
 68	576	580	 [17 - 144 - 145]
 96	572	580	 [24 - 143 - 145]
348	464	580	 [3 - 4 - 5]
400	420	580	 [20 - 21 - 29]
390	432	582	 [65 - 72 - 97]
308	495	583	 [28 - 45 - 53]
384	440	584	 [48 - 55 - 73]
144	567	585	 [16 - 63 - 65]
225	540	585	 [5 - 12 - 13]
297	504	585	 [33 - 56 - 65]
351	468	585	 [3 - 4 - 5]
136	570	586	 [68 - 285 - 293]
354	472	590	 [3 - 4 - 5]
 84	585	591	 [28 - 195 - 197]
192	560	592	 [12 - 35 - 37]
368	465	593
 91	588	595	 [13 - 84 - 85]
252	539	595	 [36 - 77 - 85]
280	525	595	 [8 - 15 - 17]
357	476	595	 [3 - 4 - 5]
204	560	596	 [51 - 140 - 149]
230	552	598	 [5 - 12 - 13]
